IS_AGENT,1,0,1,1,1,1,1,1,1
AGENT_COLLISION_COUNT,0,0,0,0,0,0,0,0,0
OBSTACLE_COLLISION_COUNT,0,0,0,0,0,0,0,0,0
AGENT_COMPLETION_TIME,15.68,15.68,15.68,15.68,15.68,15.68,15.68,15.68,15.68
TOTAL_METABOLIC_ENERGY,0,0,0,0,0,0,0,0,0
TOTAL_DEGREES_TURNED,461.3407,6295.342,205.3106,780.2364,224.4782,99.71069,391.2414,263.7214,144.8982
AVG_ANGULAR_SPEED,29.49749,402.5155,13.12728,49.88724,14.35283,6.375364,25.01543,16.86198,9.264589
MAX_INSTANT_ANG_SPEED,2219.74,9000,4790.006,4936.462,4809.212,4767.84,4751.131,4749.021,4735.063
ANGULAR_INFLECTION_COUNT,0,0,0,0,0,0,0,0,0
TOTAL_DISTANCE,56.7577,516.0979,534.0103,526.8558,534.3486,543.1248,531.1221,529.9702,538.944
AVG_SPEED,3.624374,32.95644,34.10027,33.64341,34.12188,34.6823,33.91584,33.84229,34.41533
MAX_INSTANT_SPEED,8.762764,23373.62,24611.47,23617.12,24361.68,25109.88,23867.54,24116.11,24863.14
TOTAL_SPEED_CHANGE,0.08328775,0,0,0,0,0,0,0,0
AVG_SPEED_CHANGE,0.005325304,0,0,0,0,0,0,0,0
MAX_INSTANT_SPEED_CHANGE,4.60414,23368.62,24607.26,23612.87,24353.25,25105.72,23863.38,24111.83,24854.73
SPEED_CHANGE_INFLECT_COUNT,134,0,0,0,0,0,0,0,0
TOTAL_ACCELERATION,18.05532,938.1156,997.7568,962.0373,989.3538,1017.303,971.8319,979.6048,1007.629
AVG_ACCELERATION,1.154432,59.98182,63.7952,61.51134,63.25792,65.04497,62.13759,62.63458,64.42643
MAX_INSTANT_ACCEL,4.60414,23373.83,24611.89,23617.54,24362.59,25110.27,23867.9,24116.48,24863.84
