IS_AGENT,1,1,1,1,1,1,0,1,1
AGENT_COLLISION_COUNT,0,0,0,0,0,0,0,0,0
OBSTACLE_COLLISION_COUNT,0,0,0,0,0,0,0,0,0
AGENT_COMPLETION_TIME,15.44,15.44,15.44,15.44,15.44,15.44,15.44,15.44,15.44
TOTAL_METABOLIC_ENERGY,0,0,0,0,0,0,0,0,0
TOTAL_DEGREES_TURNED,1141.943,470.2752,193.6301,653.5067,1011.767,99.01266,491.9237,996.136,166.8024
AVG_ANGULAR_SPEED,74.15216,30.53735,12.57338,42.4355,65.69919,6.429394,31.9431,64.68416,10.83132
MAX_INSTANT_ANG_SPEED,5760.414,4793.828,4791.233,4751.099,9000,4767.108,8317.21,9000,4735.396
ANGULAR_INFLECTION_COUNT,0,0,0,0,0,0,0,0,0
TOTAL_DISTANCE,522.2603,535.9078,533.9849,526.2573,526.3903,543.142,55.31919,530.4523,538.8978
AVG_SPEED,33.86902,34.75407,34.62937,34.12823,34.13685,35.22322,3.587497,34.40028,34.94798
MAX_INSTANT_SPEED,23367.2,24362.3,24611.41,23618.74,23865.14,25109.99,5.000061,24116.41,24862.88
TOTAL_SPEED_CHANGE,0,0,0,0,0,0,0.09999941,0,0
AVG_SPEED_CHANGE,0,0,0,0,0,0,0.006493468,0,0
MAX_INSTANT_SPEED_CHANGE,23362.94,24358.07,24607.25,23614.53,23860.97,25105.83,0.5588025,24111.84,24854.42
SPEED_CHANGE_INFLECT_COUNT,0,0,0,0,0,0,0,0,0
TOTAL_ACCELERATION,952.2546,990.0846,997.7152,961.9703,970.3684,1017.35,1.39771,980.1978,1007.749
AVG_ACCELERATION,61.83471,64.29121,64.78671,62.46561,63.01094,66.06171,0.09076039,63.64921,65.43827
MAX_INSTANT_ACCEL,23367.66,24362.74,24611.84,23619.11,23865.56,25110.38,0.7269704,24116.8,24863.57
